
    Variable |         N      Mean        SD       Min       p25       p50
-------------+------------------------------------------------------------
       EPS_P |     10827  .0172948  .0688605 -.4156035  .0072904  .0210084
          DR |     10827  .6402512  .4799488         0         0         1
         Ret |     10827 -.0082506  .4703282 -.8379892 -.2673829 -.1072334
         GGF |     10827  .0356516  .1854286         0         0         0
        Size |     10827  22.07427   1.11912   19.9082  21.27886  21.95162
         Lev |     10827  .4032959  .1911219  .0594209  .2507065   .396326
     MHRatio |     10827  .1138087  .1610713         0  .0007796  .0248941
         Age |     10827  18.24522  5.325867         7        14        18
       GDP_p |     10827  11.42525  4.384694    2.5347    7.8734   11.7587
          CG |     10827  .2058457  .4986948 -.5049944 -.2092058  .1332604
         INS |     10827  32.49968  24.30521         0      9.99     29.23
    SuperINS |     10827  1.538937  2.475445         0         0         0
   RegionFin |     10827  .4028817     .4905         0         0         0
  OverInvest |      8865 -.0097824  .1156659 -.3635929 -.0583148 -.0193577
StrategySc~e |      6611  18.81304  3.938309         9        16        19
--------------------------------------------------------------------------

    Variable |       p75       Max
-------------+--------------------
       EPS_P |  .0415523  .2631157
          DR |         1         1
         Ret |  .1111098   8.94721
         GGF |         0         1
        Size |  22.71056  25.90092
         Lev |  .5341741  .9344589
     MHRatio |  .1845743  .6483896
         Age |        22        33
       GDP_p |   14.8456   20.3489
          CG |  .5233205   1.69619
         INS |     52.32     89.36
    SuperINS |      2.19     13.25
   RegionFin |         1         1
  OverInvest |  .0238368  1.333381
StrategySc~e |        22        28
----------------------------------
